points,time
1997,629
3565,629
2658,708
2327,835
1517,573
2228,634
2870,537
2029,666
2376,666
2903,940
1891,834
3940,1540
5747,1069
6602,1071
1649,644
2813,1212
2871,1070
2624,973
2707,1045
2408,571
1673,571
1388,571
2742,496
2590,496
1459,496
1356,496
1269,496
1812,443
2085,443
2492,443
2112,437
1246,437
1850,437
1311,437
1312,437
4155,1609
3887,1609
3885,1609
5412,1818
2125,625
1826,625
1660,625
3094,734
4842,734
4707,734
1991,822
3080,822
2778,947
3331,1160
5089,825
3177,825
1539,648
1670,652
2263,1030
3100,931
1345,490
1502,490
1233,490
1335,490
1236,490
2298,490
1888,490
1858,490
2424,490
2233,490
2184,988
2481,839
3609,510
1275,510
1393,510
2373,801
1843,810
2655,778
3932,985
3260,735
4088,763
3916,763
3254,1221
3027,831
1844,811
2176,976
1978,760
1597,658
2278,435
1347,435
1611,435
1255,435
1944,435
1765,435
2098,435
1958,435
2029,435
2319,556
3372,556
3800,791
3243,622
2441,622
3713,1079
4735,1036
2630,666
5751,887
1700,551
3051,551
1631,531
1755,531
1601,531
1808,531
3170,531
3420,531
3722,531
2228,531
1951,554
6166,1778
3698,1281
3580,1226
3342,843
1778,719
2470,719
1976,555
2139,545
1340,545
1727,545
2616,1215
2057,545
1572,545
2853,1170
2577,965
4119,989
2810,988
2316,937
5672,1212
4273,938
5747,1257
3256,801
1637,677
1872,688
3338,706
1392,556
2514,954
2231,628
3818,628
2779,628
3688,628
5659,869
4304,869
2929,843
2482,1080
1944,838
1897,838
5328,838
1793,650
1613,690
2153,796
2903,540
1900,553
1718,702
3482,786
1838,806
2324,806
1340,546
1903,546
1343,546
2371,546
2700,546
2620,546
2816,546
1619,626
2553,908
2336,1071
4265,868
3692,1157
2078,851
2009,851
1308,516
1666,516
2460,516
3414,516
2742,516
1758,733
1294,494
2342,1072
2542,1112
4788,870
1958,455
2029,455
1440,455
2203,661
2403,744
1392,558
5797,993
2931,944
1620,629
3357,857
2058,592
3280,592
6476,1239
1956,669
1477,541
2440,818
5828,1029
5567,948
3940,948
3266,1221
2740,1216
2120,659
2323,659
2201,690
1739,690
2428,496
1593,496
1340,496
3172,939
2289,789
4034,1395
4018,1361
3646,872
1908,713
2220,630
1846,638
3614,743
4091,743
1601,610
1588,610
1588,610
4829,849
1504,633
1506,633
1845,550
1352,550
1463,550
2762,550
2477,550
3096,550
2823,1260
2044,376
1978,376
1019,376
1166,376
1827,376
3321,860
1964,797
2952,797
4115,797
1557,637
1428,590
3704,1591
2136,964
3576,1399
6392,1003
4184,1817
3519,1493
3827,922
6554,1229
1672,536
1665,536
1350,536
1930,536
3634,874
2266,971
2359,990
3848,1369
2055,583
1651,583
1342,479
1354,479
1410,479
2135,479
1927,479
2254,479
2215,865
3011,736
3361,513
1831,513
1299,513
2203,703
1328,511
1563,511
3112,987
2091,787
4326,944
5791,944
1570,623
1488,623
1709,623
3199,873
4510,879
2919,1068
5738,1228
2754,814
4383,814
3463,814
1587,651
3321,521
1921,521
1574,515
2886,515
5345,1070
1462,505
1634,505
3303,1222
2722,713
1795,713
2757,713
2179,885
3368,1050
2733,1212
1562,661
6301,2380
1382,566
2985,782
3914,791
4070,791
1741,668
4239,1796
3172,1442
2587,1200
2548,921
2178,544
2349,544
2618,695
2526,865
3133,618
2564,618
5308,1143
3674,1063
5648,1777
1441,531
3603,755
1966,755
2710,1053
1465,581
1520,581
2437,769
2226,631
1504,631
3666,1215
3141,616
2381,616
3092,616
1321,507
2673,1177
2688,758
3290,1504
2235,913
2491,725
2405,815
1854,815
2742,1167
1591,655
5318,1610
4135,1593
1791,509
1438,497
2357,497
1580,497
2393,695
2706,523
1349,523
1323,523
3845,1211
4462,1538
2441,976
2666,703
2705,703
2041,703
2386,600
1447,600
1488,600
4973,2062
2428,892
2049,917
1802,570
1461,570
3497,570
1568,613
1844,491
1363,491
2587,491
1462,491
1361,491
2211,491
2191,491
2268,491
2116,491
2346,491
1816,795
2379,1092
4352,785
2897,785
1916,847
1168,454
1168,454
1325,454
1170,454
2909,592
2888,592
3428,592
2506,777
1851,740
2191,806
1936,699
2555,581
3374,581
2180,920
3844,1215
2071,820
3326,650
1864,754
1594,679
1931,720
5423,924
4644,924
1775,715
4203,990
5587,990
5373,1575
1150,439
1689,439
3351,651
3141,651
3073,1191
3218,754
2112,644
2412,940
2010,619
3104,851
5088,1265
3143,581
1441,581
1965,581
3429,1223
4411,1079
3767,1247
2108,782
4957,894
1526,642
1523,642
2057,642
1867,559
1397,559
1615,559
1604,559
3678,559
3223,559
4172,1000
4394,1903
4776,1912
5251,697
4203,697
1795,697
1629,697
1836,697
1784,780
1451,517
1344,517
4205,708
3362,543
2808,633
2241,909
1147,437
1149,437
1148,437
1146,437
1209,437
2302,437
2300,437
2178,437
2428,437
2267,437
1600,532
1717,532
2585,532
4420,753
3647,753
2866,1237
1291,519
1576,604
2919,809
3042,1440
2753,1110
3972,862
4339,1071
1890,833
2858,833
2702,1250
2129,608
4297,908
1317,533
1695,533
3614,782
3664,769
2625,617
1901,840
2340,958
3460,893
2265,613
3657,613
2014,833
3249,1184
2784,906
1658,646
2185,646
2736,646
2993,1240
1563,661
1803,710
3448,692
2375,629
1742,629
6693,2491
2184,598
2793,598
3553,1378
7983,2478
3613,1203
1071,404
1187,404
1071,404
3488,954
2323,924
7273,1269
2412,572
3025,1225
3000,1170
2178,614
5820,1245
11619,1726
3448,957
3610,824
1793,783
1686,661
1836,763
3019,1129
2644,791
2239,700
2128,895
2285,895
2381,870
3646,1375
1846,745
2992,822
3031,1088
2913,737
3984,1051
2835,1240
2303,1051
4945,937
2531,1172
1915,569
1786,569
6642,1216
4497,932
1703,590
4633,1572
3890,1362
1817,705
2235,761
2458,761
3234,688
2110,688
2375,1089
3130,814
1934,430
1121,430
1122,430
1124,430
3005,1194
2966,767
1556,621
2727,463
1409,463
1481,463
3381,1229
3242,1265
4116,714
2494,714
2104,714
1970,592
1610,665
1919,665
3044,781
1533,513
1859,513
1523,642
3307,642
3373,1214
2446,583
4152,828
2792,828
4215,828
2632,828
3516,1181
4847,939
3224,849
3101,849
6292,1474
1729,505
1453,505
2899,505
2587,505
2693,505
2416,628
3060,628
3117,628
2844,986
2031,844
3296,1383
1503,503
1398,503
1280,503
1548,523
2220,494
3662,646
1900,595
2622,918
2215,889
2075,933
1675,721
2614,721
3029,1176
2173,918
1982,883
2438,799
1575,541
2506,1006
3017,1249
3280,1388
4050,857
3509,857
3948,857
4258,721
2688,1228
2126,739
3118,739
2724,571
1771,571
1390,571
3032,994
3067,789
6045,1214
2069,733
4829,809
1237,482
1489,482
2331,482
1799,558
1962,815
2190,677
3740,586
2902,1094
3227,1405
3621,710
2425,780
2964,852
3861,855
2653,855
5666,855
4510,1065
1371,454
1181,454
4760,1696
1515,636
3535,863
3828,924
2025,692
1422,513
2457,513
2079,664
4524,1328
1415,568
2823,760
1787,699
2240,699
4249,1034
2941,928
1894,771
4103,771
2260,1029
1695,731
2989,820
2684,653
1544,653
7299,1090
3452,1211
6033,905
2497,905
2480,905
2528,905
2555,829
4141,1228
4770,2154
3410,1306
6588,1224
2150,862
2231,675
2011,675
3332,639
2737,639
2212,1005
4661,765
2881,765
2200,765
7345,1458
1494,530
1519,530
1512,635
3802,714
2679,714
4148,886
1927,738
2480,1145
2658,1238
2405,1105
2404,1105
1573,601
3878,1604
4139,821
1705,599
2551,550
1987,550
1852,550
1349,550
2624,830
3818,1850
5520,1018
3221,1470
3552,593
2955,593
2532,1172
3249,1176
2203,647
1679,625
1844,625
1968,625
2862,625
4753,625
3595,625
2740,625
3582,625
2021,838
5852,838
1277,511
1276,511
3007,1281
2719,745
3186,757
2779,757
2425,670
2471,697
5029,1794
1842,633
1593,678
2717,528
1640,528
1771,528
1360,528
2780,647
1778,706
2139,651
2353,664
2558,683
3870,1218
2095,913
2223,606
2170,606
1937,859
1944,787
2999,610
3977,610
1934,610
2436,610
1666,610
1639,662
4543,747
3561,735
1791,735
3578,1283
3186,1380
2537,774
4170,711
3413,711
1724,556
3496,1385
1569,665
2391,583
4779,2131
1961,727
4061,1571
3027,964
2377,823
2917,916
2778,525
1883,696
1724,747
2277,626
1741,626
3445,755
4917,1002
4719,2192
5970,2397
2063,925
2682,976
4886,1668
4381,1947
2203,972
2770,1299
3619,1600
2277,704
3941,704
3509,704
1900,841
3221,1228
1831,667
3088,1464
3536,964
3390,1492
3311,1476
4021,1462
4161,1832
4889,1011
4490,1454
5981,2555
2452,612
3238,1102
3042,1084
1843,718
2418,906
3284,991
1910,794
1931,500
5100,957
3035,1256
3306,1448
3154,834
2694,904
2433,550
1350,550
3833,1582
2533,1108
2067,786
1801,786
2383,635
2260,884
1773,671
1644,650
2113,885
2943,1078
2741,956
3062,749
2340,749
4141,844
6225,1212
2773,721
3440,721
1962,592
2132,592
1296,491
1341,491
998,365
1055,365
1001,365
1001,365
2730,699
2637,687
2295,888
1856,696
2664,976
2579,441
1186,441
2077,480
2530,589
4317,773
2645,563
2311,563
1676,563
1374,563
3215,1032
2515,748
4232,1456
1513,616
1833,713
4977,1504
1157,442
1271,442
1160,442
1243,442
2612,442
2498,442
2092,442
2084,442
1610,687
6407,1035
2668,547
1712,547
2424,547
5377,878
3541,878
2543,878
2745,1220
3596,1194
2541,1039
1890,631
4038,1220
2748,1179
1844,744
2377,811
3580,811
4571,752
2784,752
2300,649
2109,866
2558,1087
1359,554
1358,554
1572,554
1377,554
3401,554
2587,554
2679,554
1973,877
2295,617
1905,617
3239,978
1541,630
3129,1185
4419,641
3043,641
2164,641
1561,641
3248,844
2387,1015
4919,2297
3026,766
4966,1731
5076,2236
2863,913
3926,1629
2030,843
2563,916
2767,593
4535,1053
3476,1240
3017,1086
3636,1550
2097,650
2729,1211
1368,559
2871,929
3272,929
2355,929
5759,929
3681,679
3627,679
1851,679
2301,711
2941,1242
4851,979
5400,1079
2630,859
1724,680
5420,1784
1346,473
1345,473
1348,473
2579,473
2784,473
2213,473
2059,782
1377,550
1685,550
1498,550
2587,641
2666,648
3657,1623
3319,1455
4065,963
2782,963
2184,989
3163,1440
3366,1244
3344,855
3781,780
1742,757
3566,1407
6046,1718
1415,583
2048,583
4643,1628
4516,1036
4458,1751
3071,883
4171,1904
1746,664
1820,664
3216,664
2651,1102
2127,584
2354,584
3113,584
1668,676
2523,522
1445,522
1444,522
1526,522
1476,580
1440,580
2757,522
1434,522
1544,522
6004,1240
2648,694
3874,646
2992,646
3938,646
1657,646
1546,646
2521,715
3589,1662
2958,827
1657,529
2559,529
4904,827
3547,827
3744,1131
3054,1131
2743,1176
4310,931
2334,937
3694,1248
2801,1248
2827,1157
3178,1447
1996,708
5222,1931
4706,1673
2054,921
2422,1049
3878,1003
3661,852
7003,2433
5516,1258
2693,1256
3344,1599
5815,1231
3401,1472
5137,1956
3363,1248
2893,843
2150,853
1626,503
1657,503
1262,503
2763,503
2823,503
2861,1214
1281,514
1347,514
1350,514
2334,770
3516,770
3800,769
1897,776
3454,705
2082,705
5085,1793
3238,642
3445,642
2345,642
4509,1240
2309,778
3012,778
4554,778
3744,699
3831,812
2681,506
1269,506
1269,506
1586,506
2541,1176
1438,577
2093,666
3583,562
3917,1566
6371,1183
4852,1082
3281,852
3450,1523
1103,421
1103,421
1183,421
3748,756
1309,529
4171,1294
1572,666
3345,867
4491,694
1734,694
1378,418
1101,418
1100,418
1289,418
1983,418
1994,418
1501,549
4068,1473
5618,2363
4098,1758
5334,2133
3615,1676
2526,730
2366,1020
2669,778
2125,778
5341,778
5780,1005
1869,823
1795,658
2847,1215
1654,709
4545,709
2699,709
1544,651
4670,1098
1769,770
2672,777
3151,600
3029,1198
1952,866
3178,1231
2289,606
2927,579
1532,579
1565,579
2626,579
4727,737
3362,737
1605,684
1606,684
2286,422
1248,422
1344,422
2332,660
2290,740
1885,740
1759,706
1573,645
3725,645
2747,1044
1575,668
5217,781
1787,781
1466,579
2424,580
1729,539
3623,1143
3888,825
5124,1031
2003,595
2803,720
2092,720
1861,662
2098,530
1815,756
4050,756
1864,422
2109,422
1790,422
1233,422
1231,422
1232,422
3343,1193
3890,871
4453,871
4674,726
1687,726
1915,783
3406,748
3728,1216
3740,1265
3325,1219
2553,782
3930,676
2695,676
1478,560
1785,560
2275,560
3000,560
2974,1071
2596,781
3275,1165
1949,671
2964,714
3947,714
2883,1001
1356,539
3606,1093
2229,897
1706,599
3817,1198
4298,852
4158,778
5797,1212
2112,950
2277,950
2532,1074
2821,958
4652,892
4420,892
2059,531
1463,461
1694,461
1408,461
1183,461
1398,461
2504,461
2319,461
2903,461
1906,461
3514,1354
2089,586
2562,586
3918,1689
3432,848
2900,1097
4482,947
3363,1414
2692,757
2179,657
2420,657
2105,657
2794,657
4350,657
4051,657
3061,1271
1719,680
2019,680
4412,680
1767,769
4720,1388
3609,1388
3609,1388
1893,684
6216,1907
5005,1490
1932,752
1455,525
1450,525
1179,417
1116,417
1191,417
1753,509
1884,509
1520,590
5225,1850
4148,1479
2674,843
3699,1171
2206,466
2377,466
2062,466
1251,466
2798,1033
2275,438
2354,438
1230,438
3284,660
1893,762
2164,480
1495,480
1217,480
1218,480
1264,480
1902,724
4022,1670
1358,552
1381,552
1465,552
2702,552
3501,552
3079,1218
4431,1221
2631,1160
3772,1495
3349,1226
3133,1060
2108,804
1805,728
2322,630
3008,1078
3948,750
2213,938
2214,938
1893,836
3222,694
2472,817
1901,609
4117,900
1525,539
1917,797
1901,774
1886,599
3310,1257
4587,1167
3870,1216
3217,1286
2365,774
2864,774
1621,692
2596,526
1872,526
2666,774
4668,774
1714,741
1740,625
2599,1057
2211,747
7047,978
3948,978
4731,1225
8630,1309
1790,613
3399,1497
4893,1985
3771,1825
4139,934
2650,1234
3322,1336
2482,488
2701,488
1250,488
1850,488
1600,524
3352,1287
2211,734
3887,1421
1887,422
2132,422
1708,422
1638,422
1576,422
1106,422
1319,422
3309,886
2176,840
4239,890
2047,837
4409,960
2152,755
3631,1214
3270,910
1726,584
3181,584
6916,2109
3849,1234
2990,1116
3170,526
1419,526
1539,526
2750,467
2393,467
2589,467
2366,467
1277,467
1206,467
1246,467
5025,1104
3371,1084
2112,855
4447,702
3412,702
6879,1153
1375,477
2851,874
2283,900
3340,1400
1748,580
1541,580
3396,825
3291,1192
4239,1611
2005,776
1797,776
1553,658
1956,658
4208,1492
4564,706
1758,706
2557,1049
1722,561
1749,561
1370,561
2698,561
5260,1096
5570,886
3115,621
2607,621
5305,1060
6107,2188
6056,2188
2274,972
5486,1449
1228,486
1229,486
1445,486
2293,813
1738,558
5204,1813
5760,2437
1899,838
2233,749
3971,871
2733,826
2502,845
2837,1268
2644,505
1983,505
1806,505
1747,505
5716,1966
1278,512
3674,855
3310,1223
4006,862
3273,1211
2648,869
2246,625
3642,1690
2649,1235
2301,813
2117,779
6660,900
4286,904
6598,2630
5567,1833
2298,581
1443,581
1772,581
2129,581
3216,581
3291,581
2871,581
1733,485
1868,485
2148,659
4422,1970
4985,2252
4401,997
7450,2721
3605,1737
2825,669
3975,1258
1328,538
1350,538
2080,934
2940,1254
2445,826
2071,698
3018,819
4600,1746
2939,747
1918,747
5187,2162
1508,634
3916,959
3744,1557
3383,1555
2967,754
1774,633
3241,1546
1980,833
7367,1291
3687,948
2834,936
2925,853
3777,853
4947,853
2917,1243
1513,636
1589,636
3394,636
2126,636
3263,636
1277,512
1279,512
2685,1252
5443,1980
1775,528
1847,528
1309,528
4442,1085
2682,694
5565,1211
1945,407
2406,407
1472,407
1917,407
1779,730
1779,730
4418,730
3577,1249
3763,1201
3681,1048
5029,1726
1963,873
2441,816
1839,764
1309,516
1826,516
2203,494
2596,494
1450,494
4715,1967
3958,989
4416,1690
3865,935
2540,961
5844,1266
1488,624
1610,624
3311,624
2825,624
2960,912
1424,588
1673,588
3031,1162
2449,972
1806,508
1764,508
4631,1246
4175,1430
2743,836
3590,1252
3127,959
3086,899
2065,578
3432,578
1893,647
3543,1254
3577,1591
3698,921
3973,711
5080,1842
5326,1652
1540,649
3053,823
6707,1237
4997,809
2286,929
3346,929
7793,1784
3280,1196
2950,585
1576,585
3109,585
5232,1180
3613,1180
3358,1542
2913,1258
2902,601
3617,776
3079,500
2828,500
1583,500
1276,500
2617,500
2949,522
2586,671
3237,1185
4637,1857
1719,679
2716,679
1741,650
5490,1078
5811,1901
5083,2147
1654,643
1978,643
2846,643
2918,770
1563,592
1603,592
4652,900
2440,800
6740,1264
2320,636
1849,636
3331,1403
1726,748
2565,748
2372,749
2784,927
1914,610
1589,610
2771,610
1814,610
3478,610
2958,610
3687,692
1988,751
1964,523
3376,523
3901,707
3287,738
2335,861
1761,620
2331,493
2947,555
1690,555
2889,1116
1866,711
1809,793
3290,793
5233,793
6823,2418
2618,1218
5221,1738
3106,1232
5525,853
2476,1047
3059,928
4700,1799
4528,1086
3680,731
5515,1801
2500,668
3208,1035
4627,1035
2856,615
2857,615
3358,615
1541,615
3633,920
2772,550
3195,709
2085,826
2365,800
3170,800
2541,740
5876,1245
2477,841
2799,841
2557,841
4454,1909
2609,1212
3492,1481
5577,2305
3204,1525
3314,930
2147,876
6693,1984
1866,784
3712,853
2066,767
3187,841
1924,841
2875,1352
4157,987
2525,785
2555,673
1568,665
2387,924
2330,557
4836,1290
1971,687
4880,883
3261,758
4849,1770
2627,1223
1371,562
2777,625
1615,625
2249,825
4157,1683
3005,575
2376,575
2043,575
2488,1029
4079,1854
3176,1160
3149,1391
1145,443
6037,1050
1752,761
2211,781
1867,768
4035,1792
2485,890
2309,526
3085,526
2610,526
1329,526
1331,526
1750,526
1463,526
3348,1248
3664,1564
3285,616
1636,552
1772,552
2470,552
1892,552
1349,496
1247,496
1837,496
2478,496
2616,496
2311,756
3326,756
3088,1193
4779,899
4226,1787
4228,1787
4724,2194
2442,1124
2498,463
2195,463
1955,463
1185,463
1183,463
1184,463
1787,780
3498,869
3158,825
3534,733
2521,769
3405,772
2006,697
3387,911
6882,1413
3231,698
4275,1019
5518,1216
2857,995
2196,875
1713,675
2610,675
2335,1069
4397,747
2072,779
2212,593
2068,602
2029,602
1574,602
3175,846
1817,397
1208,397
2272,397
1192,467
6513,2597
2877,1164
2527,641
3918,947
2228,947
2756,1291
2587,837
4149,1087
2712,1216
3488,955
2090,781
2184,733
2301,597
3555,597
1527,522
1432,522
1505,522
2026,905
3244,1482
1710,390
2214,390
1852,390
1970,390
1044,390
1046,390
1134,390
1045,390
2777,1235
1381,459
1177,459
2230,620
1832,620
1889,786
2975,786
2565,1189
1664,564
2965,564
4005,564
2400,585
2230,585
1542,585
2788,1241
2738,1114
4182,1216
5729,2211
2517,877
1270,498
3111,498
2676,498
2248,498
6037,2225
2048,606
3944,1850
2663,669
1704,669
2886,556
2761,556
1960,556
1359,556
1604,556
2650,1235
1859,818
3813,712
1839,530
1286,517
2124,826
3628,1698
1385,502
2778,1235
2896,623
2581,1108
3010,969
2134,885
4227,1213
2793,1243
4707,1003
2043,875
2291,860
2948,860
3457,687
4807,972
2449,972
5404,972
2242,965
3666,1637
2449,1129
4147,1510
2380,718
3287,1247
1135,410
1115,410
1910,410
1505,568
2013,568
1963,568
3204,1527
2264,966
1602,682
5066,682
5104,2064
3229,1185
5695,861
2692,861
5266,1100
3851,1398
2828,972
5373,1409
5417,882
1981,882
1787,626
4179,1447
4483,1592
6958,1214
2782,1115
2191,439
1140,439
3944,1638
2274,899
1680,704
1825,734
2110,884
2624,1221
2645,666
1806,701
1968,692
3759,1425
6007,1334
3545,1304
4979,1606
5563,2092
1634,662
2325,543
1462,543
4724,1048
2517,498
2518,498
2522,498
1252,498
1253,498
2140,899
4509,1976
3459,1220
1516,549
1562,549
1395,574
3048,574
3999,574
4076,928
1474,615
4376,752
2926,648
2310,648
3287,783
3246,783
4607,783
5470,1226
3260,747
6111,1245
2384,700
2825,992
1625,629
3602,657
1768,657
1700,569
1704,569
1635,569
3237,569
2917,569
1952,628
3210,1530
1564,662
2466,678
2941,678
2941,673
2064,673
1762,340
1693,340
957,340
950,340
947,340
4539,1625
1713,700
6275,1337
6553,1367
6566,1213
1998,573
3147,950
2946,875
1699,528
2186,769
2765,1228
2143,556
1363,556
2453,1066
3948,1449
3438,769
4891,872
4330,872
4402,1024
4877,957
1711,610
1705,610
6356,988
4211,988
3474,1215
2428,1116
2978,1229
2105,946
2964,946
3597,798
2741,1215
1454,509
1395,509
3845,807
3652,946
2055,850
2257,597
3197,1456
2384,618
5677,2269
3449,659
1490,577
10090,1826
2927,925
4565,1111
2363,685
2628,865
3400,1563
3980,670
2525,670
5258,975
2007,897
1734,752
2276,751
3001,751
3876,1669
2169,708
3052,1219
3767,1625
3616,759
4131,883
4532,883
5013,1221
3079,938
2971,1149
6008,1212
2883,1027
3325,1523
3441,1586
2479,816
3895,859
4533,1949
1901,525
1478,525
1998,858
4950,858
3145,1222
2446,663
1724,663
2251,663
1856,816
5476,816
3295,626
2463,626
3175,626
2653,626
1493,626
2832,1085
2231,890
2235,890
1663,669
6385,1504
5525,1237
2090,548
1345,548
1348,548
1599,548
1348,548
5865,1228
3476,1264
4115,1087
4167,1087
2866,825
6866,1846
1899,691
3078,1395
3911,679
2561,679
2225,679
2264,679
3623,1196
4832,790
2295,908
2264,965
6593,880
3501,880
2647,1017
2710,1023
2740,1281
4324,1220
2948,1216
2991,721
1488,622
3043,850
4531,1202
2001,565
3005,1244
3651,585
1413,585
2161,585
4164,875
2019,902
3130,654
2687,774
3134,1007
1675,720
4652,1101
2111,885
5172,1055
1940,795
3154,1409
3442,830
4826,1081
1961,675
4104,1778
3298,623
2411,623
1887,766
1671,578
1516,578
1664,578
1767,603
1575,605
2117,605
5970,2693
4558,872
2304,434
1222,434
1131,434
1132,434
1140,434
2157,910
3257,1230
2812,1253
6069,2307
1407,526
3369,641
2394,641
1242,494
1507,494
3045,887
6890,2742
2194,721
3833,932
3832,756
2381,756
3286,764
2745,1220
1727,628
1790,628
3246,628
3233,628
4201,1279
1715,684
3561,861
2623,828
3677,1510
2795,1222
1668,575
1390,570
2967,570
2125,812
6981,1265
5009,1897
4045,1547
4390,967
2991,703
2152,703
5389,1213
2236,810
3358,599
1511,599
2942,497
1843,497
1303,497
1271,497
2247,764
2538,985
2965,944
2643,1230
2226,705
3718,705
2304,616
2660,495
1564,519
1841,519
2674,837
2164,837
5831,837
4857,1516
4551,1589
1920,850
3718,1008
4276,1879
1746,699
3416,819
1238,424
2150,424
2799,920
2841,1336
2241,824
1946,674
4293,1049
2182,750
3061,1137
2471,1074
3789,1051
3994,1664
2420,1047
3491,1545
1783,701
4713,1739
2827,763
1598,629
1455,589
2384,589
2785,589
4458,1488
2774,814
2699,1261
6874,1248
4375,1850
4596,1104
2307,395
1064,395
1063,395
1060,395
2229,702
2541,949
2216,865
